{
    "_versionMajor": 0,
    "_versionMinor": 5,
    "boundsCenter": {
        "x": 0.06726980209350586,
        "y": -1.0,
        "z": 0.03793907165527344
    },
    "boundsSize": {
        "x": 1.1345396041870117,
        "y": 2.0,
        "z": 1.0758781433105469
    },
    "defaultReconstructionSettings": {
        "depthBiasAdjustment": 0.0,
        "edgeMaskBlurAmount": 0.009999999776482582,
        "edgeMaskSobelMultiplier": 10.0,
        "surfaceNormalColorBlendPower": 2.0,
        "viewDependentColorBlendPower": 0.0010000000474974513
    },
    "format": "perpixel",
    "numAngles": 5,
    "numColumns": 3,
    "numRows": 2,
    "perspectives": [
        {
            "clipEpsilon": 0.0024455180391669273,
            "crop": {
                "w": 1.0,
                "x": 0.2036631554365158,
                "y": 0.0,
                "z": 0.730239987373352
            },
            "depthFocalLength": {
                "x": 912.10302734375,
                "y": 911.9918212890625
            },
            "depthImageSize": {
                "x": 1920.0,
                "y": 1080.0
            },
            "depthPrincipalPoint": {
                "x": 961.0540771484375,
                "y": 546.9071655273438
            },
            "extrinsics": {
                "e00": 0.10715048760175705,
                "e01": -0.9942125082015991,
                "e02": 0.0077608246356248856,
                "e03": 0.1713918149471283,
                "e10": 0.8107606768608093,
                "e11": 0.08285565674304962,
                "e12": -0.5794842839241028,
                "e13": -2.147453784942627,
                "e20": 0.575487494468689,
                "e21": 0.06838419288396835,
                "e22": 0.8149464726448059,
                "e23": 1.0753811597824097,
                "e30": 0.0,
                "e31": 0.0,
                "e32": 0.0,
                "e33": 1.0
            },
            "farClip": 2.533477306365967,
            "nearClip": 0.48892077803611755
        },
        {
            "clipEpsilon": 0.002000754466280341,
            "crop": {
                "w": 1.0,
                "x": 0.0,
                "y": 0.0,
                "z": 0.7357959151268005
            },
            "depthFocalLength": {
                "x": 912.4430541992188,
                "y": 912.2599487304688
            },
            "depthImageSize": {
                "x": 1920.0,
                "y": 1080.0
            },
            "depthPrincipalPoint": {
                "x": 960.4050903320313,
                "y": 545.6558837890625
            },
            "extrinsics": {
                "e00": -0.29424384236335754,
                "e01": 0.8687971234321594,
                "e02": -0.3982613682746887,
                "e03": -0.6993552446365356,
                "e10": 0.6945881247520447,
                "e11": -0.09183930605649948,
                "e12": -0.713521420955658,
                "e13": -2.014162063598633,
                "e20": -0.6564814448356628,
                "e21": -0.4865769147872925,
                "e22": -0.5764330625534058,
                "e23": -1.12464439868927,
                "e30": 0.0,
                "e31": 0.0,
                "e32": 0.0,
                "e33": 1.0
            },
            "farClip": 2.9486238956451416,
            "nearClip": 0.44956663250923157
        },
        {
            "clipEpsilon": 0.002687212312594056,
            "crop": {
                "w": 0.572600781917572,
                "x": 0.0,
                "y": 0.0,
                "z": 0.986826479434967
            },
            "depthFocalLength": {
                "x": 911.0249633789063,
                "y": 910.8135375976563
            },
            "depthImageSize": {
                "x": 1920.0,
                "y": 1080.0
            },
            "depthPrincipalPoint": {
                "x": 960.9716186523438,
                "y": 550.6423950195313
            },
            "extrinsics": {
                "e00": 0.07795590907335281,
                "e01": 0.9365860223770142,
                "e02": 0.3416569232940674,
                "e03": 1.1446454524993896,
                "e10": 0.9684436917304993,
                "e11": 0.010233190841972828,
                "e12": -0.2490222305059433,
                "e13": -1.352069616317749,
                "e20": -0.23672698438167572,
                "e21": 0.3502882719039917,
                "e22": -0.9062331318855286,
                "e23": -1.13997483253479,
                "e30": 0.0,
                "e31": 0.0,
                "e32": 0.0,
                "e33": 1.0
            },
            "farClip": 2.4535627365112305,
            "nearClip": 0.5928984880447388
        },
        {
            "clipEpsilon": 0.0025107834953814745,
            "crop": {
                "w": 1.0,
                "x": 0.04802583158016205,
                "y": 0.0,
                "z": 0.9519741535186768
            },
            "depthFocalLength": {
                "x": 910.4301147460938,
                "y": 910.2164306640625
            },
            "depthImageSize": {
                "x": 1920.0,
                "y": 1080.0
            },
            "depthPrincipalPoint": {
                "x": 959.884033203125,
                "y": 552.1903076171875
            },
            "extrinsics": {
                "e00": -0.34960293769836426,
                "e01": -0.3278255760669708,
                "e02": -0.877672016620636,
                "e03": -1.2034443616867065,
                "e10": 0.9330288171768188,
                "e11": -0.20687150955200195,
                "e12": -0.29438313841819763,
                "e13": -1.748807668685913,
                "e20": -0.0850590169429779,
                "e21": -0.921810507774353,
                "e22": 0.37819358706474304,
                "e23": 0.4914102256298065,
                "e30": 0.0,
                "e31": 0.0,
                "e32": 0.0,
                "e33": 1.0
            },
            "farClip": 2.5029118061065674,
            "nearClip": 0.511501669883728
        },
        {
            "clipEpsilon": 0.0023064655251801014,
            "crop": {
                "w": 1.0,
                "x": 0.2726042866706848,
                "y": 0.0,
                "z": 0.5598678588867188
            },
            "depthFocalLength": {
                "x": 912.4697265625,
                "y": 912.0460205078125
            },
            "depthImageSize": {
                "x": 1920.0,
                "y": 1080.0
            },
            "depthPrincipalPoint": {
                "x": 960.1497802734375,
                "y": 542.9623413085938
            },
            "extrinsics": {
                "e00": 0.40243834257125854,
                "e01": 0.367165207862854,
                "e02": 0.8385899066925049,
                "e03": 1.4086060523986816,
                "e10": 0.06065521389245987,
                "e11": 0.9033366441726685,
                "e12": -0.4246220290660858,
                "e13": -1.904606819152832,
                "e20": -0.9134354591369629,
                "e21": 0.22174903750419617,
                "e22": 0.34126684069633484,
                "e23": 0.6011200547218323,
                "e30": 0.0,
                "e31": 0.0,
                "e32": 0.0,
                "e33": 1.0
            },
            "farClip": 2.7850518226623535,
            "nearClip": 0.6172328591346741
        }
    ],
    "textureHeight": 4096,
    "textureWidth": 4092
}
